4294967278,132
4294967278,131
4294967278,130
4294967278,129
4294967278,128
4294967278,127
4294967278,126
4294967278,125
4294967278,124
4294967278,123
4294967278,122
4294967278,121
4294967278,120
4294967278,119
4294967278,118
4294967278,117
4294967278,116
4294967278,115
4294967278,114
4294967278,113
4294967278,112
4294967278,111
4294967278,110
4294967278,109
4294967278,108
4294967278,107
4294967278,106
4294967278,105
4294967278,104
4294967278,103
4294967278,102
4294967278,101
4294967278,100
4294967278,99
4294967278,98
4294967278,97
4294967278,96
4294967278,95
4294967278,94
4294967278,93
4294967278,92
4294967278,91
4294967278,90
4294967278,89
4294967278,87
4294967278,86
4294967278,85
4294967278,84
4294967278,83
4294967278,82
4294967278,81
4294967278,80
4294967278,79
4294967278,78
4294967278,77
4294967278,76
4294967278,75
4294967278,74
4294967278,73
4294967278,72
4294967278,71
4294967278,70
4294967278,69
4294967278,68
4294967278,67
4294967278,66
4294967278,65
4294967278,64
4294967278,390
4294967279,86
4294967279,84
4294967279,82
4294967279,79
4294967279,76
4294967279,73
4294967279,71
4294967279,66
4294967279,59
4294967279,57
4294967279,53
4294967279,46
4294967279,42
4294967279,32
4294967279,358
4294967279,357
4294967279,21
4294967279,0
4294967279,346
4294967279,375
4294967279,16
4294967279,14
4294967279,374
4294967279,13
4294967279,12
4294967279,10
4294967279,6
4294967279,322
4294967278,327
95,4
4294967279,177
95,3
95,2
95,1
4294967294,637
4294967294,635
4294967279,397
4294967279,58
4294967279,168
4294967294,89
94,4
94,3
94,2
94,1
4294967279,273
4294967294,179
4294967279,52
4294967279,44
4294967294,711
4294967294,388
4294967294,391
4294967279,403
4294967294,400
4294967279,159
4294967279,312
4294967279,267
4294967294,1828
92,4
4294967279,152
92,3
92,2
92,1
4294967279,151
4294967294,393
4294967278,396
4294967294,107
4294967294,5
4294967278,0
4294967279,380
4294967279,391
4294967279,36
4294967294,1
4294967294,732
4294967294,2
4294967294,44
4294967294,53
4294967294,46
4294967294,457
4294967279,145
4294967279,370
0,5
4294967294,94
4294967294,96
91,5
4294967279,142
91,4
91,3
91,2
91,1
4294967279,141
0,7
4294967294,93
4294967294,95
4294967279,395
4294967294,7
4294967294,17
4294967294,67
4294967294,731
4294967294,43
4294967294,51
4294967294,8
4294967279,378
4294967294,92
4294967294,88
4294967294,85
4294967294,82
4294967294,549
4294967294,1834
4294967294,907
4294967294,28
4294967294,742
4294967294,27
4294967294,25
4294967294,26
4294967294,636
4294967294,741
4294967294,29
4294967294,0
90,3
90,2
90,1
89,5
89,4
89,3
89,2
89,1
4294967294,465
4294967278,384
4294967293,131
4294967293,130
4294967293,129
4294967293,128
4294967293,127
4294967293,126
4294967293,125
4294967293,124
4294967293,123
4294967293,122
4294967293,121
4294967293,120
4294967293,119
4294967293,118
4294967293,117
4294967293,116
4294967293,115
4294967293,114
4294967293,113
4294967293,112
4294967293,111
4294967293,110
4294967293,109
4294967293,108
4294967293,107
4294967293,106
4294967293,105
4294967293,104
4294967293,103
4294967293,102
4294967293,101
4294967293,100
4294967293,99
4294967293,98
4294967293,97
4294967293,96
4294967293,95
4294967293,94
4294967293,93
4294967293,92
4294967293,91
4294967293,90
4294967293,89
4294967293,88
4294967293,87
4294967293,86
4294967293,85
4294967293,84
4294967293,83
4294967293,82
4294967293,81
4294967293,80
4294967293,79
4294967293,78
4294967293,77
4294967293,76
4294967293,75
4294967293,74
4294967293,73
4294967293,72
4294967293,71
4294967293,70
4294967293,69
4294967293,68
4294967293,67
4294967293,66
4294967293,65
4294967293,64
4294967293,63
4294967293,62
4294967293,61
4294967293,60
4294967293,59
4294967293,58
4294967293,57
4294967293,56
4294967293,55
4294967293,54
4294967293,53
4294967293,52
4294967293,51
4294967293,50
4294967293,49
4294967293,48
4294967293,47
4294967293,46
4294967293,45
4294967293,44
4294967293,43
4294967293,42
4294967293,41
4294967293,40
4294967293,39
4294967293,38
4294967293,37
4294967293,36
4294967293,35
4294967293,34
4294967293,33
4294967293,32
4294967293,31
4294967293,30
4294967293,29
4294967293,28
4294967293,27
4294967293,26
4294967293,25
4294967293,24
4294967293,23
4294967293,22
4294967293,21
4294967293,20
4294967293,19
4294967293,18
4294967293,17
4294967293,16
4294967293,15
4294967293,14
4294967293,13
4294967293,12
4294967293,11
4294967293,10
4294967293,9
4294967293,8
4294967293,7
4294967293,6
4294967293,5
4294967293,4
4294967293,3
4294967293,2
4243767290,0
4243767289,0
4243767288,0
4243767287,0
4243767286,0
4243767285,0
4243767284,0
4243767283,0
4243767282,0
4243767281,0
4294967293,0
4294967279,87
4294967279,372
4294967279,289
4294967279,89
4294967279,335
4294967279,288
4294967279,405
4294967279,201
4294967279,204
4294967279,203
